  9.2651757e-002  8.1899398e-001  1.0000000e+000
  9.8848739e-002  8.0236260e-001  1.0000000e+000
  1.0504572e-001  7.8636370e-001  1.0000000e+000
  1.1124270e-001  8.1495875e-001  1.0000000e+000
  1.1743968e-001  7.9889342e-001  1.0000000e+000
  1.2363666e-001  8.0177541e-001  1.0000000e+000
  1.2983365e-001  8.1752778e-001  1.0000000e+000
  1.3603063e-001  8.0070550e-001  1.0000000e+000
  1.4222761e-001  7.9697842e-001  1.0000000e+000
  1.4842459e-001  8.1131955e-001  1.0000000e+000
  1.5462157e-001  8.0713918e-001  1.0000000e+000
  1.6081855e-001  8.0905616e-001  1.0000000e+000
  1.6701553e-001  7.9664401e-001  1.0000000e+000
  1.7321252e-001  8.0266369e-001  1.0000000e+000
  1.7940950e-001  8.1893414e-001  1.0000000e+000
  1.8560648e-001  8.0382368e-001  1.0000000e+000
  1.9180346e-001  8.2232288e-001  1.0000000e+000
  1.9800044e-001  8.2137903e-001  1.0000000e+000
  2.0419742e-001  8.1348539e-001  1.0000000e+000
  2.1039440e-001  8.0654841e-001  1.0000000e+000
  2.1659138e-001  8.1485377e-001  1.0000000e+000
  2.2278837e-001  7.9785410e-001  1.0000000e+000
  2.2898535e-001  8.1355969e-001  1.0000000e+000
  2.3518233e-001  8.1123065e-001  1.0000000e+000
  2.4137931e-001  8.0842015e-001  1.0000000e+000
  2.4757629e-001  8.2258536e-001  1.0000000e+000
  2.5377327e-001  8.1960855e-001  1.0000000e+000
  2.5997025e-001  7.9970627e-001  1.0000000e+000
  2.6616724e-001  8.1195393e-001  1.0000000e+000
  2.7236422e-001  8.1224605e-001  1.0000000e+000
  2.7856120e-001  8.0883811e-001  1.0000000e+000
  2.8475818e-001  8.2126060e-001  1.0000000e+000
  2.9095516e-001  8.1624494e-001  1.0000000e+000
  2.9715214e-001  8.1639445e-001  1.0000000e+000
  3.0334912e-001  8.0586220e-001  1.0000000e+000
  3.0954611e-001  8.0593538e-001  1.0000000e+000
  3.1574309e-001  7.9373865e-001  1.0000000e+000
  3.2194007e-001  8.1631296e-001  1.0000000e+000
  3.2813705e-001  8.1449588e-001  1.0000000e+000
  3.3433403e-001  8.1093400e-001  1.0000000e+000
  3.4053101e-001  8.1915891e-001  1.0000000e+000
  3.4672799e-001  8.2355960e-001  1.0000000e+000
  3.5292498e-001  8.2084117e-001  1.0000000e+000
  3.5912196e-001  8.2433994e-001  1.0000000e+000
  3.6531894e-001  8.2264114e-001  1.0000000e+000
  3.7151592e-001  8.1213404e-001  1.0000000e+000
  3.7771290e-001  8.1905952e-001  1.0000000e+000
  3.8390988e-001  8.3067679e-001  1.0000000e+000
  3.9010686e-001  8.1605069e-001  1.0000000e+000
  3.9630384e-001  8.3020582e-001  1.0000000e+000
  4.0250083e-001  8.1361310e-001  1.0000000e+000
  4.0869781e-001  8.1958996e-001  1.0000000e+000
  4.1489479e-001  8.0789500e-001  1.0000000e+000
  4.2109177e-001  8.1322862e-001  1.0000000e+000
  4.2728875e-001  8.0893397e-001  1.0000000e+000
  4.3348573e-001  8.0857800e-001  1.0000000e+000
  4.3968271e-001  8.0477999e-001  1.0000000e+000
  4.4587970e-001  8.1417073e-001  1.0000000e+000
  4.5207668e-001  8.0431176e-001  1.0000000e+000
  4.5827366e-001  8.0529631e-001  1.0000000e+000
  4.6447064e-001  8.0314715e-001  1.0000000e+000
  4.7066762e-001  8.0164919e-001  1.0000000e+000
  4.7686460e-001  8.1964385e-001  1.0000000e+000
  4.8306158e-001  8.3671049e-001  1.0000000e+000
  4.8925857e-001  8.1306153e-001  1.0000000e+000
  4.9545555e-001  8.0135885e-001  1.0000000e+000
  5.0165253e-001  8.2344009e-001  1.0000000e+000
  5.0784951e-001  8.0140306e-001  1.0000000e+000
  5.1404649e-001  7.9545586e-001  1.0000000e+000
  5.2024347e-001  8.4343053e-001  1.0000000e+000
  5.2644045e-001  8.2676529e-001  1.0000000e+000
  5.3263744e-001  8.2746572e-001  1.0000000e+000
  5.3883442e-001  8.1831295e-001  1.0000000e+000
  5.4503140e-001  8.1103971e-001  1.0000000e+000
  5.5122838e-001  8.1563228e-001  1.0000000e+000
  5.5742536e-001  8.4184012e-001  1.0000000e+000
  5.6362234e-001  8.0135616e-001  1.0000000e+000
  5.6981932e-001  8.0557147e-001  1.0000000e+000
  5.7601630e-001  8.1543717e-001  1.0000000e+000
  5.8221329e-001  8.3499070e-001  1.0000000e+000
  5.8841027e-001  8.1294267e-001  1.0000000e+000
  5.9460725e-001  8.0266836e-001  1.0000000e+000
  6.0080423e-001  8.0363166e-001  1.0000000e+000
  6.0700121e-001  8.1468333e-001  1.0000000e+000
  6.1319819e-001  8.0543582e-001  1.0000000e+000
  6.1939517e-001  8.2389969e-001  1.0000000e+000
  6.2559216e-001  8.1566738e-001  1.0000000e+000
  6.3178914e-001  8.1786443e-001  1.0000000e+000
  6.3798612e-001  8.0459231e-001  1.0000000e+000
  6.4418310e-001  8.2126856e-001  1.0000000e+000
  6.5038008e-001  8.0615046e-001  1.0000000e+000
  6.5657706e-001  8.2110231e-001  1.0000000e+000
  6.6277404e-001  8.1969329e-001  1.0000000e+000
  6.6897103e-001  8.1533796e-001  1.0000000e+000
  6.7516801e-001  8.1480971e-001  1.0000000e+000
  6.8136499e-001  8.1376424e-001  1.0000000e+000
  6.8756197e-001  8.0424134e-001  1.0000000e+000
  6.9375895e-001  8.0421537e-001  1.0000000e+000
  6.9995593e-001  8.0887802e-001  1.0000000e+000
  7.0615291e-001  8.1591574e-001  1.0000000e+000
  7.1234990e-001  8.2063842e-001  1.0000000e+000
  7.1854688e-001  8.0760480e-001  1.0000000e+000
  7.2474386e-001  8.2439056e-001  1.0000000e+000
  7.3094084e-001  8.0728910e-001  1.0000000e+000
  7.3713782e-001  7.9680739e-001  1.0000000e+000
  7.4333480e-001  8.2130292e-001  1.0000000e+000
  7.4953178e-001  8.1103060e-001  1.0000000e+000
  7.5572877e-001  8.3968611e-001  1.0000000e+000
  7.6192575e-001  8.1162597e-001  1.0000000e+000
  7.6812273e-001  8.1088930e-001  1.0000000e+000
  7.7431971e-001  8.2202393e-001  1.0000000e+000
  7.8051669e-001  8.1635848e-001  1.0000000e+000
  7.8671367e-001  8.1485915e-001  1.0000000e+000
  7.9291065e-001  8.2296450e-001  1.0000000e+000
  7.9910763e-001  8.1407853e-001  1.0000000e+000
  8.0530462e-001  8.2202623e-001  1.0000000e+000
  8.1150160e-001  7.9914740e-001  1.0000000e+000
  2.9712460e-001  6.0373072e-001  2.0000000e+000
  2.9908867e-001  6.3383782e-001  2.0000000e+000
  3.0105274e-001  6.1837261e-001  2.0000000e+000
  3.0301681e-001  6.2996649e-001  2.0000000e+000
  3.0498088e-001  6.3545614e-001  2.0000000e+000
  3.0694495e-001  6.1869395e-001  2.0000000e+000
  3.0890902e-001  6.3699883e-001  2.0000000e+000
  3.1087309e-001  6.1425747e-001  2.0000000e+000
  3.1283717e-001  6.4107919e-001  2.0000000e+000
  3.1480124e-001  6.1855915e-001  2.0000000e+000
  3.1676531e-001  6.2398157e-001  2.0000000e+000
  3.1872938e-001  6.2733653e-001  2.0000000e+000
  3.2069345e-001  6.1279728e-001  2.0000000e+000
  3.2265752e-001  6.0766996e-001  2.0000000e+000
  3.2462159e-001  6.1737592e-001  2.0000000e+000
  3.2658566e-001  6.1389725e-001  2.0000000e+000
  3.2854973e-001  6.2432861e-001  2.0000000e+000
  3.3051380e-001  6.1799722e-001  2.0000000e+000
  3.3247787e-001  6.2527669e-001  2.0000000e+000
  3.3444194e-001  6.2054493e-001  2.0000000e+000
  3.3640601e-001  6.3012212e-001  2.0000000e+000
  3.3837008e-001  6.2837701e-001  2.0000000e+000
  3.4033415e-001  6.4593497e-001  2.0000000e+000
  3.4229822e-001  6.1245427e-001  2.0000000e+000
  3.4426230e-001  6.0413920e-001  2.0000000e+000
  3.4622637e-001  6.1058298e-001  2.0000000e+000
  3.4819044e-001  6.2559054e-001  2.0000000e+000
  3.5015451e-001  6.1227026e-001  2.0000000e+000
  3.5211858e-001  6.2327737e-001  2.0000000e+000
  3.5408265e-001  6.2889999e-001  2.0000000e+000
  3.5604672e-001  6.2314187e-001  2.0000000e+000
  3.5801079e-001  6.2057470e-001  2.0000000e+000
  3.5997486e-001  6.1958403e-001  2.0000000e+000
  3.6193893e-001  6.3107166e-001  2.0000000e+000
  3.6390300e-001  6.2731137e-001  2.0000000e+000
  3.6586707e-001  6.1944623e-001  2.0000000e+000
  3.6783114e-001  6.1668427e-001  2.0000000e+000
  3.6979521e-001  6.0451639e-001  2.0000000e+000
  3.7175928e-001  6.2479831e-001  2.0000000e+000
  3.7372335e-001  6.1463592e-001  2.0000000e+000
  3.7568742e-001  6.2212628e-001  2.0000000e+000
  3.7765150e-001  6.2017194e-001  2.0000000e+000
  3.7961557e-001  6.3516203e-001  2.0000000e+000
  3.8157964e-001  6.3198478e-001  2.0000000e+000
  3.8354371e-001  6.2833401e-001  2.0000000e+000
  3.8550778e-001  6.1608945e-001  2.0000000e+000
  3.8747185e-001  6.3154162e-001  2.0000000e+000
  3.8943592e-001  6.3128636e-001  2.0000000e+000
  3.9139999e-001  6.3046570e-001  2.0000000e+000
  3.9336406e-001  6.2861343e-001  2.0000000e+000
  3.9532813e-001  6.3155677e-001  2.0000000e+000
  3.9729220e-001  6.2872326e-001  2.0000000e+000
  3.9925627e-001  6.2699474e-001  2.0000000e+000
  4.0122034e-001  6.2324211e-001  2.0000000e+000
  4.0318441e-001  6.3367263e-001  2.0000000e+000
  4.0514848e-001  6.3053107e-001  2.0000000e+000
  4.0711255e-001  6.4505839e-001  2.0000000e+000
  4.0907662e-001  6.1762620e-001  2.0000000e+000
  4.1104070e-001  6.2599273e-001  2.0000000e+000
  4.1300477e-001  6.1820739e-001  2.0000000e+000
  4.1496884e-001  6.2169035e-001  2.0000000e+000
  4.1693291e-001  6.2627189e-001  2.0000000e+000
  4.1889698e-001  6.3809034e-001  2.0000000e+000
  4.2086105e-001  6.3311356e-001  2.0000000e+000
  4.2282512e-001  6.1079648e-001  2.0000000e+000
  4.2478919e-001  6.2991146e-001  2.0000000e+000
  4.2675326e-001  6.2814787e-001  2.0000000e+000
  4.2871733e-001  6.1980855e-001  2.0000000e+000
  4.3068140e-001  6.1989542e-001  2.0000000e+000
  4.3264547e-001  6.3496218e-001  2.0000000e+000
  4.3460954e-001  6.3027858e-001  2.0000000e+000
  4.3657361e-001  6.3959822e-001  2.0000000e+000
  4.3853768e-001  6.1095549e-001  2.0000000e+000
  4.4050175e-001  6.2686411e-001  2.0000000e+000
  4.4246583e-001  6.1858761e-001  2.0000000e+000
  4.4442990e-001  6.3617211e-001  2.0000000e+000
  4.4639397e-001  6.1725711e-001  2.0000000e+000
  4.4835804e-001  6.2480136e-001  2.0000000e+000
  4.5032211e-001  6.1482558e-001  2.0000000e+000
  4.5228618e-001  6.4115612e-001  2.0000000e+000
  4.5425025e-001  6.2280246e-001  2.0000000e+000
  4.5621432e-001  6.1563856e-001  2.0000000e+000
  4.5817839e-001  6.3469734e-001  2.0000000e+000
  4.6014246e-001  6.3947395e-001  2.0000000e+000
  4.6210653e-001  5.9529851e-001  2.0000000e+000
  4.6407060e-001  6.2729672e-001  2.0000000e+000
  4.6603467e-001  6.3031135e-001  2.0000000e+000
  4.6799874e-001  6.2954134e-001  2.0000000e+000
  4.6996281e-001  6.2507142e-001  2.0000000e+000
  4.7192688e-001  6.2731172e-001  2.0000000e+000
  4.7389095e-001  6.2446104e-001  2.0000000e+000
  4.7585503e-001  6.0428969e-001  2.0000000e+000
  4.7781910e-001  6.2885128e-001  2.0000000e+000
  4.7978317e-001  6.3554903e-001  2.0000000e+000
  4.8174724e-001  6.1984981e-001  2.0000000e+000
  4.8371131e-001  6.2099127e-001  2.0000000e+000
  4.8567538e-001  6.1567127e-001  2.0000000e+000
  4.8763945e-001  6.3388411e-001  2.0000000e+000
  4.8960352e-001  6.2088054e-001  2.0000000e+000
  4.9156759e-001  6.3572137e-001  2.0000000e+000
  4.9353166e-001  6.2850625e-001  2.0000000e+000
  4.9549573e-001  6.2670261e-001  2.0000000e+000
  4.9745980e-001  6.2358800e-001  2.0000000e+000
  4.9942387e-001  6.2053565e-001  2.0000000e+000
  5.0138794e-001  6.1352813e-001  2.0000000e+000
  5.0335201e-001  6.2922850e-001  2.0000000e+000
  5.0531608e-001  6.2023896e-001  2.0000000e+000
  5.0728016e-001  6.2510611e-001  2.0000000e+000
  5.0924423e-001  6.4024203e-001  2.0000000e+000
  5.1120830e-001  6.2238082e-001  2.0000000e+000
  5.1317237e-001  6.2372796e-001  2.0000000e+000
  5.1513644e-001  6.2541755e-001  2.0000000e+000
  5.1710051e-001  6.2195406e-001  2.0000000e+000
  5.1906458e-001  6.1721573e-001  2.0000000e+000
  5.2102865e-001  6.2720061e-001  2.0000000e+000
  5.2299272e-001  6.4753553e-001  2.0000000e+000
  5.2495679e-001  6.1949893e-001  2.0000000e+000
  5.2692086e-001  6.3770711e-001  2.0000000e+000
  5.2888493e-001  6.2918007e-001  2.0000000e+000
  5.3084900e-001  6.1204871e-001  2.0000000e+000
  5.3281307e-001  6.2656907e-001  2.0000000e+000
  5.3477714e-001  6.3043500e-001  2.0000000e+000
  5.3674121e-001  6.2711296e-001  2.0000000e+000
  1.1501597e-001  4.4262059e-001  3.0000000e+000
  1.1994768e-001  4.3791335e-001  3.0000000e+000
  1.2487939e-001  4.4510800e-001  3.0000000e+000
  1.2981109e-001  4.4054983e-001  3.0000000e+000
  1.3474280e-001  4.2940414e-001  3.0000000e+000
  1.3967451e-001  4.4175622e-001  3.0000000e+000
  1.4460621e-001  4.4130683e-001  3.0000000e+000
  1.4953792e-001  4.6427344e-001  3.0000000e+000
  1.5446963e-001  4.5327501e-001  3.0000000e+000
  1.5940133e-001  4.4090251e-001  3.0000000e+000
  1.6433304e-001  4.4435979e-001  3.0000000e+000
  1.6926475e-001  4.4212600e-001  3.0000000e+000
  1.7419645e-001  4.4963539e-001  3.0000000e+000
  1.7912816e-001  4.4597300e-001  3.0000000e+000
  1.8405987e-001  4.5485644e-001  3.0000000e+000
  1.8899157e-001  4.5480306e-001  3.0000000e+000
  1.9392328e-001  4.1900604e-001  3.0000000e+000
  1.9885499e-001  4.4513028e-001  3.0000000e+000
  2.0378669e-001  4.4771962e-001  3.0000000e+000
  2.0871840e-001  4.5447452e-001  3.0000000e+000
  2.1365011e-001  4.5486636e-001  3.0000000e+000
  2.1858181e-001  4.4979773e-001  3.0000000e+000
  2.2351352e-001  4.4744683e-001  3.0000000e+000
  2.2844523e-001  4.4108554e-001  3.0000000e+000
  2.3337693e-001  4.4351639e-001  3.0000000e+000
  2.3830864e-001  4.4674442e-001  3.0000000e+000
  2.4324035e-001  4.5990473e-001  3.0000000e+000
  2.4817205e-001  4.4796446e-001  3.0000000e+000
  2.5310376e-001  4.5576624e-001  3.0000000e+000
  2.5803547e-001  4.4286695e-001  3.0000000e+000
  2.6296717e-001  4.4783081e-001  3.0000000e+000
  2.6789888e-001  4.3507489e-001  3.0000000e+000
  2.7283059e-001  4.5326353e-001  3.0000000e+000
  2.7776229e-001  4.4275571e-001  3.0000000e+000
  2.8269400e-001  4.5619469e-001  3.0000000e+000
  2.8762570e-001  4.5532050e-001  3.0000000e+000
  2.9255741e-001  4.5833104e-001  3.0000000e+000
  2.9748912e-001  4.5933199e-001  3.0000000e+000
  3.0242082e-001  4.5146788e-001  3.0000000e+000
  3.0735253e-001  4.7802491e-001  3.0000000e+000
  3.1228424e-001  4.4399196e-001  3.0000000e+000
  3.1721594e-001  4.5208236e-001  3.0000000e+000
  3.2214765e-001  4.3561383e-001  3.0000000e+000
  3.2707936e-001  4.5321818e-001  3.0000000e+000
  3.3201106e-001  4.5196587e-001  3.0000000e+000
  3.3694277e-001  4.5815346e-001  3.0000000e+000
  3.4187448e-001  4.6483891e-001  3.0000000e+000
  3.4680618e-001  4.4653367e-001  3.0000000e+000
  3.5173789e-001  4.7010696e-001  3.0000000e+000
  3.5666960e-001  4.5759229e-001  3.0000000e+000
  3.6160130e-001  4.6659484e-001  3.0000000e+000
  3.6653301e-001  4.5576253e-001  3.0000000e+000
  3.7146472e-001  4.5336684e-001  3.0000000e+000
  3.7639642e-001  4.5616709e-001  3.0000000e+000
  3.8132813e-001  4.6199408e-001  3.0000000e+000
  3.8625984e-001  4.5249603e-001  3.0000000e+000
  3.9119154e-001  4.4701501e-001  3.0000000e+000
  3.9612325e-001  4.7868576e-001  3.0000000e+000
  4.0105496e-001  4.5490666e-001  3.0000000e+000
  4.0598666e-001  4.6115709e-001  3.0000000e+000
  4.1091837e-001  4.6021582e-001  3.0000000e+000
  4.1585008e-001  4.5453869e-001  3.0000000e+000
  4.2078178e-001  4.5790774e-001  3.0000000e+000
  4.2571349e-001  4.6132288e-001  3.0000000e+000
  4.3064520e-001  4.7341396e-001  3.0000000e+000
  4.3557690e-001  4.6788980e-001  3.0000000e+000
  4.4050861e-001  4.6907210e-001  3.0000000e+000
  4.4544032e-001  4.4918326e-001  3.0000000e+000
  4.5037202e-001  4.6101100e-001  3.0000000e+000
  4.5530373e-001  4.5210111e-001  3.0000000e+000
  4.6023544e-001  4.6886879e-001  3.0000000e+000
  4.6516714e-001  4.4558300e-001  3.0000000e+000
  4.7009885e-001  4.6773566e-001  3.0000000e+000
  4.7503056e-001  4.4665000e-001  3.0000000e+000
  4.7996226e-001  4.5514768e-001  3.0000000e+000
  4.8489397e-001  4.6005400e-001  3.0000000e+000
  4.8982567e-001  4.6593120e-001  3.0000000e+000
  4.9475738e-001  4.5083440e-001  3.0000000e+000
  4.9968909e-001  4.6311299e-001  3.0000000e+000
  5.0462079e-001  4.3585759e-001  3.0000000e+000
  5.0955250e-001  4.6169145e-001  3.0000000e+000
  5.1448421e-001  4.7068358e-001  3.0000000e+000
  5.1941591e-001  4.6149230e-001  3.0000000e+000
  5.2434762e-001  4.4659498e-001  3.0000000e+000
  5.2927933e-001  4.5385711e-001  3.0000000e+000
  5.3421103e-001  4.7498940e-001  3.0000000e+000
  5.3914274e-001  4.7514343e-001  3.0000000e+000
  5.4407445e-001  4.6143040e-001  3.0000000e+000
  5.4900615e-001  4.6431210e-001  3.0000000e+000
  5.5393786e-001  4.6061357e-001  3.0000000e+000
  5.5886957e-001  4.7641600e-001  3.0000000e+000
  5.6380127e-001  4.6290635e-001  3.0000000e+000
  5.6873298e-001  4.6474307e-001  3.0000000e+000
  5.7366469e-001  4.7425003e-001  3.0000000e+000
  5.7859639e-001  4.7699388e-001  3.0000000e+000
  5.8352810e-001  4.9026239e-001  3.0000000e+000
  5.8845981e-001  4.3836036e-001  3.0000000e+000
  5.9339151e-001  4.6833852e-001  3.0000000e+000
  5.9832322e-001  4.7554338e-001  3.0000000e+000
  6.0325493e-001  4.7007592e-001  3.0000000e+000
  6.0818663e-001  4.5769361e-001  3.0000000e+000
  6.1311834e-001  4.5063927e-001  3.0000000e+000
  6.1805005e-001  4.7370929e-001  3.0000000e+000
  6.2298175e-001  4.6370621e-001  3.0000000e+000
  6.2791346e-001  4.8232222e-001  3.0000000e+000
  6.3284517e-001  4.6171751e-001  3.0000000e+000
  6.3777687e-001  4.6460451e-001  3.0000000e+000
  6.4270858e-001  4.6288196e-001  3.0000000e+000
  6.4764029e-001  4.6567654e-001  3.0000000e+000
  6.5257199e-001  4.5667287e-001  3.0000000e+000
  6.5750370e-001  4.6952528e-001  3.0000000e+000
  6.6243541e-001  4.8491077e-001  3.0000000e+000
  6.6736711e-001  4.6258370e-001  3.0000000e+000
  6.7229882e-001  4.7564513e-001  3.0000000e+000
  6.7723053e-001  4.6985436e-001  3.0000000e+000
  6.8216223e-001  4.5780855e-001  3.0000000e+000
  6.8709394e-001  4.5766740e-001  3.0000000e+000
  6.9202564e-001  4.6507633e-001  3.0000000e+000
  6.9695735e-001  4.5229580e-001  3.0000000e+000
  7.0188906e-001  4.7288580e-001  3.0000000e+000
  7.0682076e-001  4.6986375e-001  3.0000000e+000
  7.1175247e-001  4.5357602e-001  3.0000000e+000
  7.1668418e-001  4.6632950e-001  3.0000000e+000
  7.2161588e-001  4.7072226e-001  3.0000000e+000
  7.2654759e-001  4.4183659e-001  3.0000000e+000
  7.3147930e-001  4.6653725e-001  3.0000000e+000
  7.3641100e-001  4.7481531e-001  3.0000000e+000
  7.4134271e-001  4.5816837e-001  3.0000000e+000
  7.4627442e-001  4.6004393e-001  3.0000000e+000
  7.5120612e-001  4.7958965e-001  3.0000000e+000
  7.5613783e-001  4.6630379e-001  3.0000000e+000
  7.6106954e-001  4.6310384e-001  3.0000000e+000
  7.6600124e-001  4.6762254e-001  3.0000000e+000
  7.7093295e-001  4.6628546e-001  3.0000000e+000
  7.7586466e-001  4.8506739e-001  3.0000000e+000
  7.8079636e-001  4.8448126e-001  3.0000000e+000
  7.8572807e-001  4.7839113e-001  3.0000000e+000
  7.9065978e-001  4.7553516e-001  3.0000000e+000
  7.9559148e-001  4.7024422e-001  3.0000000e+000
  8.0052319e-001  4.3922924e-001  3.0000000e+000
  8.0545490e-001  4.6701483e-001  3.0000000e+000
  8.1038660e-001  4.6616929e-001  3.0000000e+000
  8.1531831e-001  4.5879020e-001  3.0000000e+000
  8.2025002e-001  4.5184541e-001  3.0000000e+000
  8.2518172e-001  4.6063877e-001  3.0000000e+000
  8.3011343e-001  4.7854870e-001  3.0000000e+000
  8.3504514e-001  4.6825599e-001  3.0000000e+000
  8.3997684e-001  4.5799794e-001  3.0000000e+000
  8.4490855e-001  4.4824675e-001  3.0000000e+000
  8.4984026e-001  4.5593002e-001  3.0000000e+000
  3.3865815e-001  2.9811635e-001  4.0000000e+000
  3.4011037e-001  2.8314367e-001  4.0000000e+000
  3.4156259e-001  2.8839948e-001  4.0000000e+000
  3.4301481e-001  2.8237440e-001  4.0000000e+000
  3.4446703e-001  2.8549062e-001  4.0000000e+000
  3.4591926e-001  2.9480605e-001  4.0000000e+000
  3.4737148e-001  2.9947540e-001  4.0000000e+000
  3.4882370e-001  2.7311820e-001  4.0000000e+000
  3.5027592e-001  2.8745030e-001  4.0000000e+000
  3.5172814e-001  3.0211954e-001  4.0000000e+000
  3.5318037e-001  2.9530109e-001  4.0000000e+000
  3.5463259e-001  2.8557182e-001  4.0000000e+000
  3.5608481e-001  2.9107660e-001  4.0000000e+000
  3.5753703e-001  2.8803397e-001  4.0000000e+000
  3.5898925e-001  2.7549920e-001  4.0000000e+000
  3.6044148e-001  3.0040877e-001  4.0000000e+000
  3.6189370e-001  2.9480393e-001  4.0000000e+000
  3.6334592e-001  2.8742745e-001  4.0000000e+000
  3.6479814e-001  2.7472042e-001  4.0000000e+000
  3.6625036e-001  2.9094380e-001  4.0000000e+000
  3.6770258e-001  2.9209342e-001  4.0000000e+000
  3.6915481e-001  2.7441764e-001  4.0000000e+000
  3.7060703e-001  2.9773565e-001  4.0000000e+000
  3.7205925e-001  2.9465994e-001  4.0000000e+000
  3.7351147e-001  2.7548797e-001  4.0000000e+000
  3.7496369e-001  3.0131750e-001  4.0000000e+000
  3.7641592e-001  2.9973198e-001  4.0000000e+000
  3.7786814e-001  3.1173374e-001  4.0000000e+000
  3.7932036e-001  2.8707743e-001  4.0000000e+000
  3.8077258e-001  2.9450707e-001  4.0000000e+000
  3.8222480e-001  2.9635089e-001  4.0000000e+000
  3.8367703e-001  3.0556748e-001  4.0000000e+000
  3.8512925e-001  2.8179541e-001  4.0000000e+000
  3.8658147e-001  3.0318046e-001  4.0000000e+000
  3.8803369e-001  2.8407521e-001  4.0000000e+000
  3.8948591e-001  2.9387700e-001  4.0000000e+000
  3.9093814e-001  2.8658914e-001  4.0000000e+000
  3.9239036e-001  2.8001561e-001  4.0000000e+000
  3.9384258e-001  2.9831893e-001  4.0000000e+000
  3.9529480e-001  3.1749884e-001  4.0000000e+000
  3.9674702e-001  2.8832482e-001  4.0000000e+000
  3.9819924e-001  2.9217748e-001  4.0000000e+000
  3.9965147e-001  2.8782643e-001  4.0000000e+000
  4.0110369e-001  2.9613921e-001  4.0000000e+000
  4.0255591e-001  2.7128524e-001  4.0000000e+000
  4.0400813e-001  3.0219927e-001  4.0000000e+000
  4.0546035e-001  2.9383481e-001  4.0000000e+000
  4.0691258e-001  2.8937277e-001  4.0000000e+000
  4.0836480e-001  2.7627851e-001  4.0000000e+000
  4.0981702e-001  2.9279557e-001  4.0000000e+000
  4.1126924e-001  2.7701746e-001  4.0000000e+000
  4.1272146e-001  2.9993616e-001  4.0000000e+000
  4.1417369e-001  2.8632207e-001  4.0000000e+000
  4.1562591e-001  2.8113539e-001  4.0000000e+000
  4.1707813e-001  2.9185099e-001  4.0000000e+000
  4.1853035e-001  2.9074774e-001  4.0000000e+000
  4.1998257e-001  2.8166119e-001  4.0000000e+000
  4.2143480e-001  3.0532946e-001  4.0000000e+000
  4.2288702e-001  3.2060930e-001  4.0000000e+000
  4.2433924e-001  2.8223306e-001  4.0000000e+000
  4.2579146e-001  3.1038968e-001  4.0000000e+000
  4.2724368e-001  3.1531170e-001  4.0000000e+000
  4.2869590e-001  2.9675571e-001  4.0000000e+000
  4.3014813e-001  2.9039843e-001  4.0000000e+000
  4.3160035e-001  2.9319709e-001  4.0000000e+000
  4.3305257e-001  2.8636085e-001  4.0000000e+000
  4.3450479e-001  2.8268969e-001  4.0000000e+000
  4.3595701e-001  2.7418452e-001  4.0000000e+000
  4.3740924e-001  2.9740327e-001  4.0000000e+000
  4.3886146e-001  2.9742044e-001  4.0000000e+000
  4.4031368e-001  2.9584185e-001  4.0000000e+000
  4.4176590e-001  2.9194027e-001  4.0000000e+000
  4.4321812e-001  2.9991338e-001  4.0000000e+000
  4.4467035e-001  2.8273311e-001  4.0000000e+000
  4.4612257e-001  3.0830778e-001  4.0000000e+000
  4.4757479e-001  3.0295673e-001  4.0000000e+000
  4.4902701e-001  2.9212831e-001  4.0000000e+000
  4.5047923e-001  2.9415673e-001  4.0000000e+000
  4.5193146e-001  2.8637329e-001  4.0000000e+000
  4.5338368e-001  2.8989545e-001  4.0000000e+000
  4.5483590e-001  2.8085303e-001  4.0000000e+000
  4.5628812e-001  2.7718877e-001  4.0000000e+000
  4.5774034e-001  3.0559122e-001  4.0000000e+000
  4.5919256e-001  2.9038798e-001  4.0000000e+000
  4.6064479e-001  3.0068346e-001  4.0000000e+000
  4.6209701e-001  2.9195375e-001  4.0000000e+000
  4.6354923e-001  3.0482320e-001  4.0000000e+000
  4.6500145e-001  2.8560340e-001  4.0000000e+000
  4.6645367e-001  2.9410273e-001  4.0000000e+000
  4.6790590e-001  3.0963032e-001  4.0000000e+000
  4.6935812e-001  2.9477920e-001  4.0000000e+000
  4.7081034e-001  2.8867550e-001  4.0000000e+000
  4.7226256e-001  2.9393981e-001  4.0000000e+000
  4.7371478e-001  2.9823246e-001  4.0000000e+000
  4.7516701e-001  3.0058021e-001  4.0000000e+000
  4.7661923e-001  2.7854323e-001  4.0000000e+000
  4.7807145e-001  2.9362136e-001  4.0000000e+000
  4.7952367e-001  2.8840814e-001  4.0000000e+000
  4.8097589e-001  2.9165075e-001  4.0000000e+000
  4.8242812e-001  2.8542076e-001  4.0000000e+000
  4.8388034e-001  2.8181772e-001  4.0000000e+000
  4.8533256e-001  3.0240112e-001  4.0000000e+000
  4.8678478e-001  2.9069903e-001  4.0000000e+000
  4.8823700e-001  2.7791200e-001  4.0000000e+000
  4.8968922e-001  2.9347054e-001  4.0000000e+000
  4.9114145e-001  2.9138884e-001  4.0000000e+000
  4.9259367e-001  2.9995922e-001  4.0000000e+000
  4.9404589e-001  3.1028582e-001  4.0000000e+000
  4.9549811e-001  2.9647632e-001  4.0000000e+000
  4.9695033e-001  3.0025487e-001  4.0000000e+000
  4.9840256e-001  2.9177130e-001  4.0000000e+000
  4.9985478e-001  2.9809625e-001  4.0000000e+000
  5.0130700e-001  2.9455840e-001  4.0000000e+000
  5.0275922e-001  2.8981368e-001  4.0000000e+000
  5.0421144e-001  2.8799029e-001  4.0000000e+000
  5.0566367e-001  2.9266896e-001  4.0000000e+000
  5.0711589e-001  2.7548995e-001  4.0000000e+000
  5.0856811e-001  2.8029721e-001  4.0000000e+000
  5.1002033e-001  2.8984750e-001  4.0000000e+000
  5.1147255e-001  2.6802740e-001  4.0000000e+000
  5.1292477e-001  2.8162666e-001  4.0000000e+000
  5.1437700e-001  2.9706272e-001  4.0000000e+000
