  1.7640090e-001  6.2159508e-001  1.0000000e+000
  1.6667115e-001  6.0904396e-001  1.0000000e+000
  1.6307278e-001  6.0716095e-001  1.0000000e+000
  1.6800257e-001  6.0286502e-001  1.0000000e+000
  1.4713141e-001  5.9025879e-001  1.0000000e+000
  1.8144856e-001  5.8370551e-001  1.0000000e+000
  1.6675877e-001  5.8568798e-001  1.0000000e+000
  1.5674248e-001  5.6956811e-001  1.0000000e+000
  1.6136465e-001  5.4592837e-001  1.0000000e+000
  1.6777440e-001  5.5835689e-001  1.0000000e+000
  1.5153919e-001  5.4836994e-001  1.0000000e+000
  1.8009494e-001  5.3146208e-001  1.0000000e+000
  1.7714136e-001  5.4592117e-001  1.0000000e+000
  1.8236425e-001  5.3498850e-001  1.0000000e+000
  1.7843909e-001  5.2232252e-001  1.0000000e+000
  1.7690541e-001  5.2232388e-001  1.0000000e+000
  1.7658903e-001  5.1862742e-001  1.0000000e+000
  1.9224645e-001  5.1210026e-001  1.0000000e+000
  2.0227233e-001  4.8165223e-001  1.0000000e+000
  1.9045723e-001  5.0118797e-001  1.0000000e+000
  2.1236015e-001  4.8646051e-001  1.0000000e+000
  1.9892407e-001  4.7163675e-001  1.0000000e+000
  2.2664863e-001  4.6910236e-001  1.0000000e+000
  2.0038347e-001  4.6983255e-001  1.0000000e+000
  2.1593288e-001  4.7831361e-001  1.0000000e+000
  2.2118624e-001  4.6494170e-001  1.0000000e+000
  2.3104212e-001  4.6358111e-001  1.0000000e+000
  2.4418401e-001  4.4402797e-001  1.0000000e+000
  2.3885387e-001  4.3273757e-001  1.0000000e+000
  2.3387898e-001  4.2327948e-001  1.0000000e+000
  2.4512460e-001  4.1104344e-001  1.0000000e+000
  2.5294377e-001  4.2980370e-001  1.0000000e+000
  2.4577008e-001  4.1500191e-001  1.0000000e+000
  2.5845324e-001  3.9803840e-001  1.0000000e+000
  2.7411161e-001  4.1199853e-001  1.0000000e+000
  2.7160370e-001  3.9816794e-001  1.0000000e+000
  2.7648014e-001  3.9241502e-001  1.0000000e+000
  2.7911532e-001  4.0599080e-001  1.0000000e+000
  2.9473458e-001  3.9083228e-001  1.0000000e+000
  3.0724959e-001  3.8401721e-001  1.0000000e+000
  2.9707730e-001  3.8467619e-001  1.0000000e+000
  3.1655960e-001  3.8031063e-001  1.0000000e+000
  2.9705626e-001  3.5870812e-001  1.0000000e+000
  3.2214839e-001  3.9066676e-001  1.0000000e+000
  3.3173163e-001  3.6031971e-001  1.0000000e+000
  3.3628045e-001  3.7838025e-001  1.0000000e+000
  3.3544333e-001  3.8360059e-001  1.0000000e+000
  3.5141297e-001  3.6835634e-001  1.0000000e+000
  3.4079189e-001  3.6748983e-001  1.0000000e+000
  3.5476079e-001  3.5201093e-001  1.0000000e+000
  3.7691279e-001  3.5612320e-001  1.0000000e+000
  3.8008974e-001  3.5332004e-001  1.0000000e+000
  3.8144253e-001  3.3813382e-001  1.0000000e+000
  3.9639330e-001  3.6303935e-001  1.0000000e+000
  4.2179502e-001  3.6339752e-001  1.0000000e+000
  4.0768581e-001  3.5511795e-001  1.0000000e+000
  3.8576641e-001  3.6860976e-001  1.0000000e+000
  4.2503934e-001  3.5874839e-001  1.0000000e+000
  4.2072291e-001  3.5599135e-001  1.0000000e+000
  4.3594876e-001  3.4928477e-001  1.0000000e+000
  4.1534522e-001  3.4857155e-001  1.0000000e+000
  4.5800430e-001  3.4707259e-001  1.0000000e+000
  4.4601351e-001  3.4664871e-001  1.0000000e+000
  4.6344581e-001  3.5025733e-001  1.0000000e+000
  4.8719928e-001  3.4944616e-001  1.0000000e+000
  4.8251670e-001  3.5207875e-001  1.0000000e+000
  4.9519314e-001  3.5620412e-001  1.0000000e+000
  4.8265711e-001  3.5144288e-001  1.0000000e+000
  4.8705157e-001  3.4833324e-001  1.0000000e+000
  4.8856491e-001  3.5457973e-001  1.0000000e+000
  5.2649667e-001  3.6925429e-001  1.0000000e+000
  5.3706719e-001  3.6433724e-001  1.0000000e+000
  5.0275274e-001  3.7571627e-001  1.0000000e+000
  5.2857332e-001  3.8409917e-001  1.0000000e+000
  5.5245318e-001  3.8188593e-001  1.0000000e+000
  5.3311939e-001  3.8214219e-001  1.0000000e+000
  5.5830633e-001  3.9183248e-001  1.0000000e+000
  5.5089975e-001  3.9229906e-001  1.0000000e+000
  5.5408458e-001  3.7667630e-001  1.0000000e+000
  5.8732479e-001  3.8039798e-001  1.0000000e+000
  5.8238786e-001  4.0208194e-001  1.0000000e+000
  5.9329773e-001  4.0243979e-001  1.0000000e+000
  5.9643410e-001  4.0744602e-001  1.0000000e+000
  5.7799553e-001  4.0693454e-001  1.0000000e+000
  6.1478628e-001  4.1817525e-001  1.0000000e+000
  5.9797992e-001  4.2236337e-001  1.0000000e+000
  6.3084164e-001  4.3009809e-001  1.0000000e+000
  6.1954413e-001  4.4222447e-001  1.0000000e+000
  6.1244691e-001  4.5525380e-001  1.0000000e+000
  6.2713611e-001  4.2475529e-001  1.0000000e+000
  6.3023498e-001  4.2526455e-001  1.0000000e+000
  6.2570905e-001  4.7244031e-001  1.0000000e+000
  6.4154132e-001  4.5522077e-001  1.0000000e+000
  6.3752830e-001  4.5659418e-001  1.0000000e+000
  6.4114898e-001  4.6551662e-001  1.0000000e+000
  6.4983462e-001  4.7324647e-001  1.0000000e+000
  6.7811871e-001  4.7747150e-001  1.0000000e+000
  6.7048578e-001  4.9293807e-001  1.0000000e+000
  6.6270803e-001  4.8440626e-001  1.0000000e+000
  6.6639476e-001  5.0068377e-001  1.0000000e+000
  6.6389860e-001  4.9716151e-001  1.0000000e+000
  6.7463219e-001  4.9747955e-001  1.0000000e+000
  6.5147838e-001  5.1775024e-001  1.0000000e+000
  6.9482560e-001  5.3193977e-001  1.0000000e+000
  6.8176599e-001  5.2487207e-001  1.0000000e+000
  6.7715009e-001  5.3967150e-001  1.0000000e+000
  6.8156397e-001  5.5558114e-001  1.0000000e+000
  7.0593478e-001  5.4568624e-001  1.0000000e+000
  6.7542842e-001  5.5961733e-001  1.0000000e+000
  7.0325946e-001  5.5063855e-001  1.0000000e+000
  6.9399416e-001  5.6868807e-001  1.0000000e+000
  6.8129367e-001  5.8599599e-001  1.0000000e+000
  7.1042394e-001  5.9092434e-001  1.0000000e+000
  6.9059285e-001  5.9409327e-001  1.0000000e+000
  7.0821167e-001  5.8404939e-001  1.0000000e+000
  6.9837059e-001  6.0525185e-001  1.0000000e+000
  6.8925181e-001  6.1689872e-001  1.0000000e+000
  6.9403588e-001  6.1316307e-001  1.0000000e+000
  3.6240739e-001  5.8285169e-001  2.0000000e+000
  2.9944971e-001  6.3733899e-001  2.0000000e+000
  3.3773384e-001  6.3295844e-001  2.0000000e+000
  3.0029372e-001  5.5962765e-001  2.0000000e+000
  3.5182303e-001  5.6986618e-001  2.0000000e+000
  3.4653349e-001  5.9644389e-001  2.0000000e+000
  3.2014512e-001  6.3819642e-001  2.0000000e+000
  3.5465106e-001  5.6720014e-001  2.0000000e+000
  3.0188801e-001  6.5243915e-001  2.0000000e+000
  3.5576694e-001  6.0250590e-001  2.0000000e+000
  3.5502604e-001  6.4633396e-001  2.0000000e+000
  3.1320421e-001  6.2928339e-001  2.0000000e+000
  3.6459977e-001  5.5616523e-001  2.0000000e+000
  3.3504417e-001  6.2630148e-001  2.0000000e+000
  3.2083719e-001  5.8216946e-001  2.0000000e+000
  3.2311402e-001  6.2365043e-001  2.0000000e+000
  3.4981694e-001  6.3426595e-001  2.0000000e+000
  3.0282850e-001  5.9563118e-001  2.0000000e+000
  3.1063444e-001  5.8604240e-001  2.0000000e+000
  3.1144708e-001  6.3599690e-001  2.0000000e+000
  3.8140022e-001  5.9021902e-001  2.0000000e+000
  3.3985785e-001  6.3838363e-001  2.0000000e+000
  3.8409833e-001  5.8502893e-001  2.0000000e+000
  3.5539836e-001  6.3051624e-001  2.0000000e+000
  3.6480723e-001  6.3269014e-001  2.0000000e+000
  3.0471078e-001  6.2954039e-001  2.0000000e+000
  3.0663240e-001  6.1354201e-001  2.0000000e+000
  3.5803275e-001  5.8065060e-001  2.0000000e+000
  3.2691636e-001  5.5194354e-001  2.0000000e+000
  3.6615862e-001  5.7872664e-001  2.0000000e+000
  3.1064321e-001  5.8230589e-001  2.0000000e+000
  3.1331012e-001  6.5096059e-001  2.0000000e+000
  3.4471515e-001  6.1803847e-001  2.0000000e+000
  3.1775438e-001  5.5774135e-001  2.0000000e+000
  3.4563973e-001  5.9680738e-001  2.0000000e+000
  3.4337435e-001  6.2919622e-001  2.0000000e+000
  3.8687843e-001  6.0700295e-001  2.0000000e+000
  3.1159790e-001  6.2620339e-001  2.0000000e+000
  3.5540598e-001  5.6204225e-001  2.0000000e+000
  3.7257599e-001  5.6942089e-001  2.0000000e+000
  2.9126891e-001  5.5877328e-001  2.0000000e+000
  3.3019396e-001  5.5485658e-001  2.0000000e+000
  3.6605005e-001  6.0821656e-001  2.0000000e+000
  3.8325065e-001  6.2836778e-001  2.0000000e+000
  3.1571948e-001  6.2598450e-001  2.0000000e+000
  2.8465277e-001  6.1535980e-001  2.0000000e+000
  3.7849058e-001  5.8827163e-001  2.0000000e+000
  3.7503270e-001  5.9108322e-001  2.0000000e+000
  3.8018387e-001  5.6459327e-001  2.0000000e+000
  3.4407397e-001  5.8762655e-001  2.0000000e+000
  2.9685864e-001  5.9209697e-001  2.0000000e+000
  3.0492342e-001  6.2755257e-001  2.0000000e+000
  3.4618379e-001  5.8657014e-001  2.0000000e+000
  2.8906331e-001  5.7838036e-001  2.0000000e+000
  3.0724905e-001  5.6361713e-001  2.0000000e+000
  3.2146230e-001  6.2828361e-001  2.0000000e+000
  3.4256556e-001  5.6734900e-001  2.0000000e+000
  3.5186707e-001  6.0186992e-001  2.0000000e+000
  3.1418379e-001  6.3592232e-001  2.0000000e+000
  2.9717848e-001  6.1193077e-001  2.0000000e+000
  3.2099954e-001  5.7048297e-001  2.0000000e+000
  3.6973425e-001  6.1439087e-001  2.0000000e+000
  3.6953953e-001  5.9834786e-001  2.0000000e+000
  3.1722336e-001  6.2467052e-001  2.0000000e+000
  3.0988219e-001  6.4572920e-001  2.0000000e+000
  3.0058575e-001  5.8423989e-001  2.0000000e+000
  3.2822758e-001  6.0825624e-001  2.0000000e+000
  3.0576776e-001  6.0720088e-001  2.0000000e+000
  3.3753188e-001  5.7273688e-001  2.0000000e+000
  3.8650485e-001  6.3592562e-001  2.0000000e+000
  3.1518313e-001  6.3886317e-001  2.0000000e+000
  3.4674645e-001  6.0914436e-001  2.0000000e+000
  3.2342874e-001  6.0154212e-001  2.0000000e+000
  3.0323060e-001  6.5117398e-001  2.0000000e+000
  3.6360152e-001  6.3707771e-001  2.0000000e+000
  5.3846433e-001  6.1316594e-001  3.0000000e+000
  5.3494289e-001  5.8791109e-001  3.0000000e+000
  5.1447643e-001  6.0724409e-001  3.0000000e+000
  5.4695031e-001  6.1942649e-001  3.0000000e+000
  5.3711143e-001  5.9022913e-001  3.0000000e+000
  5.8611876e-001  6.2271952e-001  3.0000000e+000
  5.6223652e-001  5.7243434e-001  3.0000000e+000
  5.6041883e-001  6.1712008e-001  3.0000000e+000
  5.6578740e-001  6.0063360e-001  3.0000000e+000
  5.7772109e-001  5.7264645e-001  3.0000000e+000
  5.8005001e-001  6.2284474e-001  3.0000000e+000
  5.3365057e-001  6.1383832e-001  3.0000000e+000
  5.3824902e-001  5.8782581e-001  3.0000000e+000
  5.3955842e-001  5.8116763e-001  3.0000000e+000
  5.5185026e-001  6.3061919e-001  3.0000000e+000
  5.6910714e-001  5.8560107e-001  3.0000000e+000
  5.5496759e-001  6.2437910e-001  3.0000000e+000
  5.3116691e-001  5.9982613e-001  3.0000000e+000
  5.6233647e-001  5.6120181e-001  3.0000000e+000
  5.5610913e-001  5.8849396e-001  3.0000000e+000
  5.7353653e-001  5.9407421e-001  3.0000000e+000
  5.0922714e-001  6.3531885e-001  3.0000000e+000
  5.2001830e-001  5.6667495e-001  3.0000000e+000
  5.4410725e-001  5.9667040e-001  3.0000000e+000
  5.7114309e-001  6.2730906e-001  3.0000000e+000
  5.5814112e-001  5.9330517e-001  3.0000000e+000
  5.5033718e-001  6.2432121e-001  3.0000000e+000
  5.3142595e-001  6.3082243e-001  3.0000000e+000
  5.3709233e-001  6.3263986e-001  3.0000000e+000
  5.4162305e-001  6.2118209e-001  3.0000000e+000
  5.4825987e-001  5.9506653e-001  3.0000000e+000
  5.4354553e-001  6.3330891e-001  3.0000000e+000
  5.5238718e-001  6.4321535e-001  3.0000000e+000
  5.4728999e-001  6.1575193e-001  3.0000000e+000
  5.4590680e-001  5.8550610e-001  3.0000000e+000
  5.8637250e-001  6.0375265e-001  3.0000000e+000
  5.7969690e-001  6.2836024e-001  3.0000000e+000
  5.8623939e-001  6.2289959e-001  3.0000000e+000
  5.3496071e-001  6.3891693e-001  3.0000000e+000
  5.1413570e-001  5.8983232e-001  3.0000000e+000
  5.9003506e-001  5.9746420e-001  3.0000000e+000
  5.6065895e-001  6.2256381e-001  3.0000000e+000
  5.7377186e-001  5.6699604e-001  3.0000000e+000
  5.5815489e-001  5.6474320e-001  3.0000000e+000
  5.4891890e-001  5.7129275e-001  3.0000000e+000
  5.8008444e-001  6.0510505e-001  3.0000000e+000
  5.6371019e-001  5.6180011e-001  3.0000000e+000
  5.0994375e-001  5.8690384e-001  3.0000000e+000
  5.8722983e-001  6.2366550e-001  3.0000000e+000
  5.9100945e-001  6.1361190e-001  3.0000000e+000
  5.1185249e-001  6.3774618e-001  3.0000000e+000
  5.3331295e-001  5.8338798e-001  3.0000000e+000
  5.1680036e-001  6.2404743e-001  3.0000000e+000
  5.7932091e-001  5.6562114e-001  3.0000000e+000
  5.2000899e-001  5.8619461e-001  3.0000000e+000
  5.3808714e-001  6.2867446e-001  3.0000000e+000
  5.2137038e-001  5.9010838e-001  3.0000000e+000
  5.2112819e-001  5.8791498e-001  3.0000000e+000
  5.2213414e-001  5.6267301e-001  3.0000000e+000
  5.2126381e-001  6.2602728e-001  3.0000000e+000
  5.6098119e-001  6.3368297e-001  3.0000000e+000
  5.2049459e-001  5.9796817e-001  3.0000000e+000
  5.4846957e-001  6.3647843e-001  3.0000000e+000
  5.4136017e-001  6.1158081e-001  3.0000000e+000
  5.2108899e-001  5.6201349e-001  3.0000000e+000
  5.2935317e-001  5.6352937e-001  3.0000000e+000
  5.1091779e-001  6.4360253e-001  3.0000000e+000
  5.3197377e-001  5.7419958e-001  3.0000000e+000
  5.6242843e-001  5.9953532e-001  3.0000000e+000
  5.5682054e-001  5.7341654e-001  3.0000000e+000
  5.8144543e-001  6.4291471e-001  3.0000000e+000
  5.6063593e-001  6.3429097e-001  3.0000000e+000
  5.1164622e-001  6.0169551e-001  3.0000000e+000
