  4.5446091e-001  5.1515480e-001  1
  4.5501123e-001  5.1350840e-001  1
  4.4759103e-001  5.1782471e-001  1
  4.3572601e-001  5.2092314e-001  1
  4.6408444e-001  5.2607414e-001  1
  4.4609294e-001  5.2438116e-001  1
  4.5289648e-001  5.2976914e-001  1
  4.5423739e-001  5.3085947e-001  1
  4.6904667e-001  5.2653428e-001  1
  4.3962046e-001  5.4591705e-001  1
  4.6108034e-001  5.3628891e-001  1
  4.2922999e-001  5.4670276e-001  1
  4.5411777e-001  5.4519662e-001  1
  4.3683577e-001  5.2787841e-001  1
  4.4178946e-001  5.4576845e-001  1
  4.3026690e-001  5.1445198e-001  1
  4.4874075e-001  5.1851096e-001  1
  4.3618937e-001  5.4100846e-001  1
  4.3590591e-001  5.2756427e-001  1
  4.3518036e-001  5.3354988e-001  1
  4.4332895e-001  5.3074387e-001  1
  4.4181780e-001  5.1802333e-001  1
  4.3680432e-001  5.3385498e-001  1
  4.3248544e-001  5.4122361e-001  1
  4.2242747e-001  5.2702283e-001  1
  4.4436284e-001  5.2179423e-001  1
  4.3729036e-001  5.1196696e-001  1
  4.3285064e-001  5.1505674e-001  1
  4.4310582e-001  5.2792756e-001  1
  4.3807437e-001  5.2762910e-001  1
  4.3046823e-001  5.1560109e-001  1
  4.0518425e-001  5.1879147e-001  1
  4.2016030e-001  5.1814408e-001  1
  4.2526810e-001  5.1347474e-001  1
  4.1658350e-001  5.0634678e-001  1
  4.2816085e-001  4.9590875e-001  1
  4.5106377e-001  5.1092881e-001  1
  4.1460000e-001  4.9516397e-001  1
  4.4895107e-001  5.1977015e-001  1
  4.4668728e-001  5.0353801e-001  1
  4.2865217e-001  4.9264031e-001  1
  4.3110572e-001  5.0490387e-001  1
  4.4045926e-001  5.0245428e-001  1
  4.2979758e-001  5.2015928e-001  1
  4.3991154e-001  4.9925878e-001  1
  4.4774323e-001  4.8960190e-001  1
  4.3901034e-001  4.9619576e-001  1
  4.5382383e-001  4.8545771e-001  1
  4.5619451e-001  4.9801405e-001  1
  4.4982756e-001  5.0940756e-001  1
  4.4755275e-001  4.9052436e-001  1
  4.5182528e-001  5.2000939e-001  1
  4.5525393e-001  5.1723663e-001  1
  4.6317330e-001  5.0765193e-001  1
  4.5239759e-001  5.1671155e-001  1
  4.4675781e-001  5.2149796e-001  1
  4.6562965e-001  5.0620973e-001  1
  4.6459182e-001  5.1303341e-001  1
  4.5338152e-001  5.2325487e-001  1
  4.5429038e-001  5.1770279e-001  1
  4.5177401e-001  5.1413392e-001  1
  5.7564822e-001  5.1468968e-001  2
  5.7363967e-001  5.1299507e-001  2
  5.7354376e-001  5.3142803e-001  2
  5.8478172e-001  5.0773874e-001  2
  5.7868826e-001  5.5070037e-001  2
  5.8178581e-001  5.4937207e-001  2
  5.8778433e-001  5.5159873e-001  2
  5.6906819e-001  5.7198957e-001  2
  5.7126298e-001  5.6106909e-001  2
  5.6882750e-001  5.8086105e-001  2
  5.5435800e-001  5.6380860e-001  2
  5.4376603e-001  5.6812754e-001  2
  5.4735260e-001  5.6265874e-001  2
  5.5555980e-001  5.9394227e-001  2
  5.5440550e-001  6.0713600e-001  2
  5.5136265e-001  6.0158519e-001  2
  5.4187249e-001  6.0559769e-001  2
  5.5102201e-001  6.0362723e-001  2
  5.4836997e-001  6.0867685e-001  2
  5.1728927e-001  6.4770326e-001  2
  5.4445621e-001  6.1527443e-001  2
  5.1627391e-001  6.3619560e-001  2
  5.0694149e-001  6.4377990e-001  2
  5.0248561e-001  6.3622327e-001  2
  5.1136688e-001  6.4510961e-001  2
  5.1103179e-001  6.3141746e-001  2
  4.9489933e-001  6.5884593e-001  2
  4.7538103e-001  6.4476428e-001  2
  4.8217319e-001  6.5018977e-001  2
  4.7790214e-001  6.5041823e-001  2
  4.7168238e-001  6.4660891e-001  2
  4.6075487e-001  6.2074804e-001  2
  4.6182920e-001  6.4192269e-001  2
  4.4629810e-001  6.4470110e-001  2
  4.4270887e-001  6.6736666e-001  2
  4.3322231e-001  6.5430672e-001  2
  4.4651197e-001  6.6623856e-001  2
  4.2992662e-001  6.5531839e-001  2
  4.2038846e-001  6.5137344e-001  2
  4.2406591e-001  6.5138722e-001  2
  4.2391827e-001  6.4428154e-001  2
  4.0510083e-001  6.4150373e-001  2
  4.0068812e-001  6.3761704e-001  2
  3.9315023e-001  6.4530039e-001  2
  4.0286257e-001  6.4112050e-001  2
  3.9050047e-001  6.2554987e-001  2
  3.6046812e-001  6.2413637e-001  2
  3.7360968e-001  6.1354576e-001  2
  3.7887503e-001  6.1572165e-001  2
  3.6118781e-001  6.1906536e-001  2
  3.6811246e-001  6.2731802e-001  2
  3.4641449e-001  6.2099048e-001  2
  3.3791307e-001  6.1473643e-001  2
  3.5625297e-001  6.0940708e-001  2
  3.5203151e-001  5.9185788e-001  2
  3.3752762e-001  6.0542783e-001  2
  3.3600489e-001  5.8435968e-001  2
  3.3853016e-001  5.8843580e-001  2
  3.1483420e-001  5.9407142e-001  2
  3.1875086e-001  5.8434011e-001  2
  3.2341040e-001  5.8164284e-001  2
  3.0112177e-001  5.6642105e-001  2
  3.2638821e-001  5.5484701e-001  2
  3.2593522e-001  5.5371479e-001  2
  3.0744127e-001  5.4717203e-001  2
  3.2387200e-001  5.3233953e-001  2
  3.0429174e-001  5.5214973e-001  2
  3.3242510e-001  5.2487452e-001  2
  3.0653079e-001  5.1993874e-001  2
  3.2256679e-001  5.3970405e-001  2
  3.1677283e-001  5.3037882e-001  2
  3.0894352e-001  5.0216454e-001  2
  3.0779668e-001  5.0022599e-001  2
  3.0852111e-001  4.9717647e-001  2
  3.0998279e-001  4.9528986e-001  2
  2.9675620e-001  4.6298657e-001  2
  3.2308552e-001  4.4978505e-001  2
  3.3066318e-001  4.6427118e-001  2
  3.1946964e-001  4.7568501e-001  2
  3.3484574e-001  4.5934463e-001  2
  3.3747997e-001  4.6302839e-001  2
  3.2988804e-001  4.6275656e-001  2
  3.3502067e-001  4.4898550e-001  2
  3.4414122e-001  4.3357090e-001  2
  3.4304357e-001  4.3017984e-001  2
  3.4310149e-001  4.4246743e-001  2
  3.5067292e-001  4.1337103e-001  2
  3.5314492e-001  4.2049569e-001  2
  3.4865412e-001  4.2677376e-001  2
  3.6263414e-001  4.1544506e-001  2
  3.6091403e-001  4.0081405e-001  2
  3.7341025e-001  4.0490631e-001  2
  3.8618124e-001  3.9481531e-001  2
  3.7887945e-001  3.9910564e-001  2
  4.0929385e-001  4.1040971e-001  2
  3.8660224e-001  4.1978986e-001  2
  3.9276356e-001  3.9775344e-001  2
  4.0756621e-001  4.2509387e-001  2
  3.9423979e-001  4.1507273e-001  2
  4.2768072e-001  4.0399864e-001  2
  4.4218223e-001  3.8514795e-001  2
  4.2083374e-001  3.9654617e-001  2
  4.2307105e-001  4.0165671e-001  2
  4.5650593e-001  3.9686936e-001  2
  4.4664492e-001  3.9082761e-001  2
  4.5239201e-001  3.9654221e-001  2
  4.5702182e-001  3.7732955e-001  2
  4.6887700e-001  3.9407352e-001  2
  4.8215794e-001  3.8514486e-001  2
  4.8783095e-001  3.9793483e-001  2
  4.7512400e-001  4.0693556e-001  2
  4.7202013e-001  3.8975046e-001  2
  4.8844061e-001  3.8909285e-001  2
  4.9442839e-001  3.9719166e-001  2
  4.9294116e-001  4.1097597e-001  2
  5.0527632e-001  4.0798997e-001  2
  5.2068796e-001  4.2040821e-001  2
  5.1251383e-001  4.0581460e-001  2
  5.2165301e-001  4.1352228e-001  2
  5.3748333e-001  4.0869628e-001  2
  5.4454575e-001  4.1711565e-001  2
  5.3151128e-001  4.2217131e-001  2
  5.6127909e-001  4.4307835e-001  2
  5.3784666e-001  4.4514415e-001  2
  5.5344864e-001  4.3990375e-001  2
  5.6096036e-001  4.4802628e-001  2
  5.4879502e-001  4.5642586e-001  2
  5.6411839e-001  4.4770801e-001  2
  5.6039177e-001  4.5595205e-001  2
  5.5459828e-001  4.7657613e-001  2
  5.5334634e-001  4.6638787e-001  2
  5.7287060e-001  4.8046420e-001  2
  5.9181460e-001  4.8056008e-001  2
  5.5941587e-001  4.9200059e-001  2
  5.7917565e-001  4.8689462e-001  2
  5.6723384e-001  5.0676493e-001  2
  5.7733315e-001  5.1709820e-001  2
  5.9780565e-001  5.0723084e-001  2
  5.9508392e-001  5.1198055e-001  2
  7.8178263e-001  5.1379684e-001  3
  7.7852706e-001  5.2043623e-001  3
  7.8731553e-001  5.7918165e-001  3
  7.8833386e-001  5.7822950e-001  3
  7.6961343e-001  5.8951070e-001  3
  7.4497219e-001  6.1285527e-001  3
  7.6151004e-001  6.4338817e-001  3
  7.5142609e-001  6.7016999e-001  3
  7.2968275e-001  6.7701193e-001  3
  7.0582842e-001  7.1226973e-001  3
  7.1117687e-001  7.2016312e-001  3
  6.9045240e-001  7.4558485e-001  3
  6.9083807e-001  7.4595040e-001  3
  6.5866240e-001  7.7818381e-001  3
  6.4442104e-001  7.6118624e-001  3
  6.2069716e-001  7.8947086e-001  3
  6.0490262e-001  8.0687113e-001  3
  6.0758862e-001  8.0785155e-001  3
  5.7324861e-001  8.0745435e-001  3
  5.5976380e-001  8.2507719e-001  3
  5.5364325e-001  8.2798273e-001  3
  5.2690188e-001  8.4257918e-001  3
  5.0513559e-001  8.6303699e-001  3
  4.5724545e-001  8.4898746e-001  3
  4.6852584e-001  8.5961549e-001  3
  4.2359206e-001  8.6040566e-001  3
  4.1462122e-001  8.4259667e-001  3
  3.9986395e-001  8.4406474e-001  3
  3.5712578e-001  8.4643029e-001  3
  3.4907255e-001  8.2673150e-001  3
  3.0711937e-001  8.3301401e-001  3
  3.0230902e-001  8.2175210e-001  3
  2.8346688e-001  8.1446026e-001  3
  2.8206610e-001  7.9796510e-001  3
  2.4806015e-001  7.8282583e-001  3
  2.2596056e-001  7.7168473e-001  3
  2.1423397e-001  7.5262030e-001  3
  1.8702596e-001  7.5456737e-001  3
  1.7997105e-001  7.5215087e-001  3
  1.8135950e-001  7.2378070e-001  3
  1.4895826e-001  7.0324407e-001  3
  1.4982429e-001  6.7532262e-001  3
  1.3926971e-001  6.4586395e-001  3
  1.4062940e-001  6.2585923e-001  3
  1.1943158e-001  6.1727816e-001  3
  1.3517834e-001  5.9584437e-001  3
  1.2171540e-001  5.7002586e-001  3
  1.0381624e-001  5.5070513e-001  3
  1.2501312e-001  5.3383950e-001  3
  9.6776085e-002  5.1774896e-001  3
  1.1975079e-001  4.8484374e-001  3
  1.1090840e-001  4.7025756e-001  3
  1.2264660e-001  4.7772209e-001  3
  1.1915721e-001  4.4833914e-001  3
  1.2946004e-001  4.1359388e-001  3
  1.2426987e-001  3.8439015e-001  3
  1.4812182e-001  3.5907896e-001  3
  1.6921605e-001  3.6878309e-001  3
  1.5055312e-001  3.2465050e-001  3
  1.8274071e-001  3.0523580e-001  3
  1.9551936e-001  3.0120204e-001  3
  1.9487235e-001  2.7782357e-001  3
  2.1160723e-001  2.6532651e-001  3
  2.3486287e-001  2.6388092e-001  3
  2.6130890e-001  2.3965289e-001  3
  2.6304366e-001  2.3044876e-001  3
  2.9838302e-001  2.2254211e-001  3
  2.9666452e-001  2.0867530e-001  3
  3.3561498e-001  2.0609130e-001  3
  3.5565025e-001  1.9393337e-001  3
  3.5512026e-001  1.6976286e-001  3
  3.9638136e-001  1.9066233e-001  3
  3.9140486e-001  1.7904031e-001  3
  4.2087895e-001  1.7054645e-001  3
  4.5095127e-001  1.8951326e-001  3
  4.7229574e-001  2.0186809e-001  3
  4.9342929e-001  1.8204171e-001  3
  5.0260005e-001  1.6320612e-001  3
  5.3113478e-001  1.9856759e-001  3
  5.5460475e-001  1.9298382e-001  3
  6.0171568e-001  2.0564559e-001  3
  5.8279058e-001  2.3432677e-001  3
  5.9867634e-001  2.2332303e-001  3
  6.2520712e-001  2.4650377e-001  3
  6.3350375e-001  2.6743098e-001  3
  6.6265075e-001  2.6750506e-001  3
  6.7500413e-001  2.7635061e-001  3
  6.9680123e-001  3.0608257e-001  3
  7.0017821e-001  3.0023540e-001  3
  7.3559899e-001  3.5726743e-001  3
  7.1973430e-001  3.6457697e-001  3
  7.4865712e-001  3.4562916e-001  3
  7.4445591e-001  3.9311910e-001  3
  7.4389367e-001  4.0871042e-001  3
  7.5363441e-001  4.1811517e-001  3
  7.7551143e-001  4.5904142e-001  3
  7.6576584e-001  4.8806357e-001  3
  7.8745164e-001  5.0066146e-001  3
  7.7606019e-001  5.2504731e-001  3
