 -1.7737747e+000  2.5042535e-001  1.0000000e+000
  4.4805988e-001 -1.8156040e-001  1.0000000e+000
 -6.3108404e-001  6.9478854e-001  1.0000000e+000
 -1.3084021e+000  5.0232943e-001  1.0000000e+000
 -4.3943048e-001  6.8450224e-001  1.0000000e+000
  4.7607196e-001 -2.2494962e-001  1.0000000e+000
 -1.0278739e+000  4.4833218e-001  1.0000000e+000
 -1.5281240e+000 -1.8170177e-001  1.0000000e+000
 -1.7603618e+000  4.9319788e-002  1.0000000e+000
  3.9052524e-001 -6.2682882e-002  1.0000000e+000
 -1.6964169e+000  2.8339909e-001  1.0000000e+000
  4.0166330e-001  6.0880425e-002  1.0000000e+000
  1.0480526e-001  2.1018084e-001  1.0000000e+000
  1.5127758e-001  4.0001097e-001  1.0000000e+000
 -5.4601337e-001  9.3057439e-001  1.0000000e+000
 -5.7952125e-001  7.9641429e-001  1.0000000e+000
 -1.6008634e+000  2.4093739e-001  1.0000000e+000
 -1.8560880e+000 -1.4412037e-002  1.0000000e+000
 -4.9735293e-001  7.2728671e-001  1.0000000e+000
 -1.0048251e+000  7.0149243e-001  1.0000000e+000
 -1.3336790e+000  6.6006281e-001  1.0000000e+000
  3.2420276e-001  4.7788664e-001  1.0000000e+000
  5.6591526e-001  1.4879835e-001  1.0000000e+000
 -2.1605100e-002  6.3309191e-001  1.0000000e+000
 -2.5469620e-001  6.1892984e-001  1.0000000e+000
  3.1551669e-001  9.1173756e-002  1.0000000e+000
 -1.4361918e+000  2.7167418e-001  1.0000000e+000
 -1.4963092e+000  6.5310943e-001  1.0000000e+000
 -1.7362567e+000  2.1061960e-001  1.0000000e+000
 -2.0681634e+000 -2.3395233e-001  1.0000000e+000
 -1.9199157e+000  1.4585714e-001  1.0000000e+000
 -1.0721494e+000  5.4067946e-001  1.0000000e+000
  2.6609960e-003  6.2658248e-001  1.0000000e+000
 -1.4896864e+000  5.9359285e-001  1.0000000e+000
  1.1572751e-001  4.8439723e-001  1.0000000e+000
 -1.0233334e+000  6.5237000e-001  1.0000000e+000
 -6.1413124e-002  5.9245631e-001  1.0000000e+000
  8.9866865e-002  1.0147692e-001  1.0000000e+000
 -1.6289705e+000  1.9458852e-001  1.0000000e+000
 -3.9461982e-001  6.9363128e-001  1.0000000e+000
 -1.9336356e-001  8.0171393e-001  1.0000000e+000
 -1.4799603e+000  3.6132444e-001  1.0000000e+000
 -5.3081332e-001  6.9701539e-001  1.0000000e+000
 -1.4699982e+000  2.6169394e-001  1.0000000e+000
  4.4866041e-001 -2.1764534e-001  1.0000000e+000
 -8.3020283e-002  4.3159019e-001  1.0000000e+000
  6.1316066e-001 -2.0011242e-001  1.0000000e+000
 -3.3631796e-001  8.2824987e-001  1.0000000e+000
 -1.9143391e-001  8.0686893e-001  1.0000000e+000
  4.4033286e-001 -1.3537039e-001  1.0000000e+000
 -1.3290001e+000  3.4719118e-001  1.0000000e+000
 -9.9568714e-001  9.3846799e-001  1.0000000e+000
 -4.0388789e-001  7.3893773e-001  1.0000000e+000
 -1.8199334e+000  1.7243818e-001  1.0000000e+000
  3.7004909e-001  3.0709954e-001  1.0000000e+000
 -1.7663249e+000  9.8597250e-002  1.0000000e+000
  3.2369144e-001 -2.1274016e-001  1.0000000e+000
 -1.7758393e+000  1.0108833e-001  1.0000000e+000
  5.2568467e-001  3.2132609e-001  1.0000000e+000
  2.7166574e-001 -8.2697255e-002  1.0000000e+000
 -1.2810748e+000  7.8863394e-001  1.0000000e+000
  3.0344067e-001  1.0631387e-001  1.0000000e+000
  3.8931289e-001 -2.3022225e-001  1.0000000e+000
 -7.3878285e-001  6.9756744e-001  1.0000000e+000
  1.2784163e-001  3.1660025e-001  1.0000000e+000
  3.8224926e-001  2.8815161e-001  1.0000000e+000
  3.4452892e-001  1.3248064e-001  1.0000000e+000
  3.5841924e-001  4.0287218e-002  1.0000000e+000
 -9.8208660e-002  4.8183897e-001  1.0000000e+000
  3.3431647e-001  2.9540196e-001  1.0000000e+000
 -6.5819177e-001  6.8363578e-001  1.0000000e+000
  2.6617193e-001  3.1454810e-001  1.0000000e+000
  2.6348596e-001 -2.3954405e-001  1.0000000e+000
 -1.3922687e+000  5.6184832e-001  1.0000000e+000
 -1.3333684e+000  5.2971479e-001  1.0000000e+000
  4.6898666e-001 -1.2653079e-001  1.0000000e+000
 -6.1652456e-001  6.5656963e-001  1.0000000e+000
  2.7283490e-001 -2.2852685e-001  1.0000000e+000
  1.1091404e-001  5.8196463e-001  1.0000000e+000
 -1.7743955e+000 -1.1911730e-001  1.0000000e+000
 -1.3270924e+000  5.6841202e-001  1.0000000e+000
  8.9366309e-003  5.1115237e-001  1.0000000e+000
 -2.0385412e-001  7.8773497e-001  1.0000000e+000
  4.8219186e-001 -1.4189725e-001  1.0000000e+000
 -1.4432506e+000  3.3867158e-001  1.0000000e+000
 -6.7226321e-001  6.3738499e-001  1.0000000e+000
 -7.6572348e-001  7.6581091e-001  1.0000000e+000
 -1.8243044e+000 -4.7490228e-002  1.0000000e+000
 -2.1784361e-001  6.9085913e-001  1.0000000e+000
  4.3045541e-001 -1.0854268e-001  1.0000000e+000
  1.4039339e-001  3.6812621e-001  1.0000000e+000
 -7.0498990e-004  5.8929631e-001  1.0000000e+000
 -1.7122699e+000  1.5339671e-001  1.0000000e+000
 -8.3872467e-001  5.6647958e-001  1.0000000e+000
 -1.7681598e+000  8.4181533e-002  1.0000000e+000
 -3.1315498e-001  5.5930818e-001  1.0000000e+000
 -4.8070689e-001  8.3155689e-001  1.0000000e+000
 -2.6046360e-001  5.9865831e-001  1.0000000e+000
 -1.1424915e-001  4.8500452e-001  1.0000000e+000
 -1.7651259e+000 -1.2586351e-001  1.0000000e+000
  3.7412888e-001  3.3194490e-001  1.0000000e+000
  2.9447546e-001  4.6343533e-001  1.0000000e+000
  2.8613936e-001  2.8230931e-001  1.0000000e+000
 -1.0340093e-001  5.8788182e-001  1.0000000e+000
 -3.9880555e-001 -1.6768818e-001 2.0000000e+000
  2.4097604e-001 -9.7669958e-001 2.0000000e+000
  1.4557216e+000  3.9620960e-002 2.0000000e+000
  1.1501071e+000 -5.9867430e-001 2.0000000e+000
  1.5780768e+000  5.7932992e-002 2.0000000e+000
  1.7566651e+000  3.5847494e-003 2.0000000e+000
  1.4865459e+000 -4.0360076e-001 2.0000000e+000
  1.6955007e+000 -2.1412522e-001 2.0000000e+000
 -3.2112888e-001 -4.1663884e-001 2.0000000e+000
 -4.8763587e-001 -4.2177926e-001 2.0000000e+000
  1.2054547e+000 -3.0638137e-001 2.0000000e+000
  1.2543906e+000  2.4053795e-001 2.0000000e+000
  1.0273460e-002 -6.5426746e-001 2.0000000e+000
 -4.1590465e-001 -3.7448640e-001 2.0000000e+000
 -2.7278757e-001 -4.3424575e-001 2.0000000e+000
  1.2839506e+000 -3.4160937e-001 2.0000000e+000
 -4.1812462e-001 -3.2788926e-001 2.0000000e+000
  5.8632186e-001 -6.8670622e-001 2.0000000e+000
  1.3279322e+000 -1.3042287e-001 2.0000000e+000
  1.4207493e+000 -4.1726312e-001 2.0000000e+000
  1.8055044e-001 -6.5671302e-001 2.0000000e+000
  1.7253952e+000 -9.9002034e-002 2.0000000e+000
 -6.1685615e-001  1.5043654e-001 2.0000000e+000
  8.2884924e-001 -7.5284629e-001 2.0000000e+000
  1.3746917e+000 -6.7670991e-001 2.0000000e+000
 -5.0906053e-001 -9.9104255e-002 2.0000000e+000
 -4.6268485e-001 -2.1788272e-001 2.0000000e+000
  1.5835658e+000 -1.9265548e-001 2.0000000e+000
  1.1243002e+000 -5.1507414e-001 2.0000000e+000
 -7.0491114e-001  5.2911097e-002 2.0000000e+000
  9.7772365e-001 -4.2792154e-001 2.0000000e+000
  8.8582063e-002 -7.5960182e-001 2.0000000e+000
  9.7674884e-001 -6.1170478e-001 2.0000000e+000
  9.0423231e-001 -7.0086792e-001 2.0000000e+000
 -2.5393171e-001 -4.6928643e-001 2.0000000e+000
 -6.7443543e-001  1.4263130e-001 2.0000000e+000
 -5.3927945e-001 -3.8235626e-001 2.0000000e+000
  9.3386775e-001 -5.7162141e-001 2.0000000e+000
  2.0222626e-001 -7.0397303e-001 2.0000000e+000
  1.5026826e+000 -9.1879345e-003 2.0000000e+000
  1.1031804e+000 -3.6117589e-001 2.0000000e+000
 -6.0272006e-001  1.5041386e-001 2.0000000e+000
  5.7817099e-001 -8.5056164e-001 2.0000000e+000
  2.3803051e-001 -7.2108395e-001 2.0000000e+000
  1.5540423e+000 -2.9144200e-001 2.0000000e+000
  1.6314874e+000 -2.3905380e-001 2.0000000e+000
 -2.5978228e-001 -2.4708391e-001 2.0000000e+000
 -1.8137128e-001 -2.7589643e-001 2.0000000e+000
  1.2170778e-001 -7.5306938e-001 2.0000000e+000
 -4.1582619e-001  8.2414202e-002 2.0000000e+000
  1.6062196e+000 -7.1689215e-002 2.0000000e+000
  6.2160676e-001 -8.7504003e-001 2.0000000e+000
  1.0315395e+000 -5.3424498e-001 2.0000000e+000
  1.7010662e+000 -3.7888286e-002 2.0000000e+000
  9.6147785e-001 -6.1932854e-001 2.0000000e+000
  1.3544127e+000 -5.9846010e-001 2.0000000e+000
 -5.6632490e-001 -2.1850161e-001 2.0000000e+000
  6.0005552e-001 -6.1796351e-001 2.0000000e+000
  1.5217547e+000 -5.4637637e-001 2.0000000e+000
  1.3611328e+000 -2.0265272e-001 2.0000000e+000
  7.4956290e-001 -5.1475084e-001 2.0000000e+000
  1.5254190e+000 -3.2180377e-001 2.0000000e+000
  1.2255306e+000 -3.5972840e-001 2.0000000e+000
  6.7032367e-001 -7.4740633e-001 2.0000000e+000
  8.4622590e-001 -7.6727676e-001 2.0000000e+000
  1.8480625e+000  2.0375699e-001 2.0000000e+000
 -5.9072800e-001  4.6638374e-002 2.0000000e+000
 -4.8477961e-001 -4.5880977e-001 2.0000000e+000
  4.7747110e-001 -7.4574554e-001 2.0000000e+000
  9.1310083e-001 -5.4683466e-001 2.0000000e+000
 -3.8595182e-001 -3.2651639e-001 2.0000000e+000
 -4.3408808e-001 -1.1691455e-001 2.0000000e+000
  1.6673794e+000  1.6220805e-001 2.0000000e+000
  6.4147318e-001 -5.4968498e-001 2.0000000e+000
  1.2627992e+000 -4.1377946e-001 2.0000000e+000
  1.1095619e+000 -7.3803159e-001 2.0000000e+000
  1.0920874e+000 -5.4339644e-001 2.0000000e+000
 -6.5656040e-002 -5.8802932e-001 2.0000000e+000
 -5.9125606e-001 -1.9239252e-001 2.0000000e+000
  9.6753205e-001 -7.5474920e-001 2.0000000e+000
 -5.7264145e-001  1.1275188e-001 2.0000000e+000
 -7.2883429e-002 -6.4101037e-001 2.0000000e+000
 -2.9453626e-001 -5.2618633e-001 2.0000000e+000
  1.5621003e-001 -5.4866578e-001 2.0000000e+000
  1.4961262e+000  1.8004956e-001 2.0000000e+000
  1.2297942e+000 -6.7387015e-001 2.0000000e+000
 -1.0991768e-001 -5.6363681e-001 2.0000000e+000
  4.3601847e-002 -4.6684421e-001 2.0000000e+000
 -2.4078458e-001 -5.5160527e-001 2.0000000e+000
 -4.6218516e-001 -1.5294869e-001 2.0000000e+000
  1.3564146e+000 -5.4618806e-001 2.0000000e+000
  2.2514752e-001 -6.0349433e-001 2.0000000e+000
  1.5923151e+000  6.3516360e-002 2.0000000e+000
 -5.8897100e-001  2.2950621e-001 2.0000000e+000
  2.0323003e-001 -8.6830466e-001 2.0000000e+000
  1.1026624e+000 -4.5686560e-001 2.0000000e+000
